concern	owner
accessibility	topics/accessibility.md
build	workflows/build.md
concurrency	topics/concurrency.md
commit	workflows/commit.md
contracts	topics/contracts.md
cross_platform	topics/cross-platform.md
csharp_async	profiles/languages/csharp/async.md
dependencies	topics/dependencies.md
diagnostics	topics/diagnostics.md
frontend	profiles/applications/frontend.md
godot	profiles/frameworks/godot.md
interop	profiles/boundaries/interop.md
ipc	profiles/boundaries/ipc.md
language_bindings	profiles/boundaries/language-bindings.md
launcher	profiles/applications/launcher.md
licensing	topics/licensing.md
performance	topics/performance.md
persistence	profiles/boundaries/persistence.md
release	workflows/release.md
rust_async	profiles/languages/rust/async.md
rust_cross_platform	profiles/languages/rust/cross-platform.md
rust_dependencies	profiles/languages/rust/dependencies.md
rust_release	profiles/languages/rust/release.md
rust_tooling	profiles/languages/rust/tooling.md
security	topics/security.md
tooling	workflows/tooling.md
typescript	profiles/languages/typescript.md
typescript_async	profiles/languages/typescript/async.md
